 -0.63831347  -0.53752344  -0.94989840
 -0.93327904  -0.74316265  -0.89860818
 -0.65192009  -0.96456163  -0.86072646
 -0.23279503  -0.47810793  -0.96926490
 -0.40107521  -0.76429339  -0.91865112
  0.13970764  -0.47360672  -0.97093340
 -0.03994955  -0.78539881  -0.91961755
  0.50508290  -0.46986291  -0.96377923
  0.31607061  -0.78924777  -0.91544343
  0.87923006  -0.48222678  -0.94528104
  0.67545293  -0.77719191  -0.90580783
  1.05633402  -0.80186083  -0.87722496
 -1.31147523  -0.17922400  -0.94046624
 -1.65255170  -0.26142396  -0.90124435
 -1.52210121  -0.54690369  -0.88342098
 -0.98340037  -0.35020968  -0.95336369
 -1.21853484  -0.55595524  -0.91100738
 -0.71977053  -0.18830405  -0.97916455
 -0.39775523  -0.20102045  -0.98995715
 -0.03394805  -0.16261583  -0.99665628
  0.32900663  -0.15533469  -0.99358396
  0.69634529  -0.16123237  -0.98142829
  1.24522105  -0.49181868  -0.91794616
  1.06101903  -0.16700757  -0.96055906
  1.60480598  -0.49016169  -0.88259895
 -1.35073897   0.18096353  -0.93690307
 -1.67231870   0.04090434  -0.90818525
 -0.99071235   0.04470771  -0.96858734
 -0.59829100   0.12480643  -0.98678341
 -0.23575232   0.13610830  -0.99594237
  0.13442477   0.15820000  -0.99630340
  0.50322935   0.15941646  -0.98885065
  0.86928523   0.15628291  -0.97297068
  1.23294321   0.15537449  -0.94813625
  1.77997887  -0.15905111  -0.89199962
  1.42186711  -0.16764053  -0.93092678
  1.94733749   0.17481595  -0.86911490
 -1.64281187   0.37439843  -0.89235089
 -1.10881064   0.38413830  -0.94142254
 -1.35493909   0.61476026  -0.88925922
 -0.77657987   0.39651958  -0.96073255
 -0.41301558   0.45124237  -0.96873159
 -0.05700164   0.46640882  -0.97232679
  0.30709708   0.47593923  -0.96823717
  0.67320690   0.47562506  -0.95662265
  1.04047462   0.47415461  -0.93602361
  1.59245214   0.16145593  -0.91378147
  1.40358311   0.47988639  -0.90515609
 -0.97454006   0.70498222  -0.90354976
 -0.61641388   0.73871915  -0.91642447
 -0.25004311   0.78126589  -0.91842609
  0.10676906   0.79043794  -0.91820348
  0.47039326   0.78949772  -0.91123682
  0.84369412   0.78457412  -0.89533868
  1.02086499   1.08392053  -0.80072312
 -1.30322484  -1.26967578  -0.70060449
 -1.57170194  -1.46363005  -0.55685598
 -1.60318967  -1.72065324  -0.31508153
 -1.01751699  -1.45019393  -0.63996025
 -1.27666763  -1.61842017  -0.49330965
 -0.46044549  -1.32660664  -0.73945335
 -0.67571739  -1.58897426  -0.58333864
 -0.11111323  -1.38616812  -0.72033376
 -0.33216488  -1.64310152  -0.56408111
  0.24572687  -1.39588560  -0.71352672
  0.03764452  -1.66738255  -0.55218296
  0.59940390  -1.39314369  -0.70167672
  0.40812800  -1.66741518  -0.54273404
  0.93203472  -1.34216759  -0.70382864
  0.78872810  -1.65347617  -0.52693833
  1.14484507  -1.51095086  -0.58938066
  1.14964847  -1.76767191  -0.36917828
  1.43831010  -1.34795076  -0.64536008
  1.46835986  -1.62674183  -0.45136594
  1.78231447  -1.42350460  -0.54303828
 -2.33018691  -0.97560122  -0.65016395
 -2.52931462  -1.22420599  -0.47491353
 -2.17036614  -1.28521321  -0.54100637
 -1.97664781  -1.00304641  -0.71013969
 -1.84275033  -1.29901503  -0.60492817
 -1.59452681  -1.09979912  -0.73397520
 -1.03786607  -1.06558155  -0.80549479
 -0.77344974  -1.26320288  -0.75080459
 -0.26959151  -1.07151678  -0.84168499
  0.09902203  -1.09719377  -0.83572765
  0.46400850  -1.09671478  -0.82816632
  0.82350816  -1.06919425  -0.81965511
  1.21350558  -1.12055192  -0.77075583
  1.62035583  -1.09886929  -0.73077977
  1.96762863  -1.10589262  -0.67252922
  2.15086167  -0.77898731  -0.74777713
  2.33619905  -1.05332382  -0.61768945
  2.15205291  -1.35677575  -0.50037501
  2.49470499  -1.31065130  -0.42619615
 -2.88558348  -0.56622830  -0.63202125
 -3.22869163  -0.75506770  -0.45385286
 -2.96494545  -0.89126165  -0.50202241
 -2.50978613  -0.63639560  -0.71068860
 -2.66833024  -0.90853606  -0.59048062
 -2.14467786  -0.70052472  -0.76801923
 -1.91259110  -0.48275043  -0.84446645
 -1.73400888  -0.78939492  -0.81012495
 -1.33343590  -0.88256249  -0.83315803
  1.42096306  -0.81607209  -0.84102305
  1.79405929  -0.79237987  -0.80117402
  2.33068899  -0.45217661  -0.78063378
  2.52047432  -0.74141603  -0.68230864
  2.70272410  -1.01369423  -0.53535066
  2.69864709  -0.42263064  -0.70724337
  2.88875968  -0.70655343  -0.59469456
 -2.98070981  -0.19494611  -0.65971681
 -3.22199202  -0.42113595  -0.55395284
 -2.62636110  -0.30571584  -0.73860442
 -2.27956356  -0.36086801  -0.80167265
 -2.01253319  -0.14105883  -0.86133181
  1.96974420  -0.46949290  -0.83809954
  2.13960219  -0.14090603  -0.84197822
  2.49742765  -0.12435436  -0.77866826
  2.85541498  -0.09004052  -0.69885855
  3.22487134  -0.63402366  -0.49956193
  3.05908286  -0.35728573  -0.61906054
  3.41921156  -0.33771457  -0.49075536
 -3.01872592   0.21285128  -0.64741362
 -3.27850677  -0.02329526  -0.57280204
 -2.72460408   0.01763482  -0.73210046
 -2.36045885  -0.00005653  -0.80732456
 -2.00462586   0.19045647  -0.86010666
  2.30087047   0.19081182  -0.81242410
  2.65132972   0.20814893  -0.74150928
  3.00924706   0.22564413  -0.64909198
  3.22733860  -0.02731893  -0.59063821
  3.54741603  -0.00427325  -0.46210469
 -2.84254725   0.51656946  -0.65445116
 -3.35082773   0.34426931  -0.51831412
 -2.61496823   0.30781162  -0.74091047
 -2.30633375   0.36756103  -0.79610724
 -1.96667909   0.53036476  -0.82942719
 -1.69763008   0.71081564  -0.83281239
  1.75798927   0.49440507  -0.86356351
  2.10632423   0.50996040  -0.81099199
  2.44808054   0.52550187  -0.74592698
  2.78370206   0.53335448  -0.66677675
  3.11214822   0.53650572  -0.56809758
  3.36795526   0.33757208  -0.51243753
 -3.13286682   0.59940950  -0.54477527
 -2.53957397   0.68696648  -0.69205834
 -2.86394062   0.86145733  -0.54942441
 -2.21805140   0.71090452  -0.75245327
 -1.94118591   0.94007613  -0.73726865
 -1.53443348   0.96389002  -0.78777368
 -1.18648853   0.95656828  -0.82660185
 -0.81971688   1.03006253  -0.83232149
 -0.45545782   1.06690072  -0.83813893
 -0.08846833   1.10739492  -0.83243036
  0.26519723   1.10245695  -0.83172260
  0.64058011   1.08334812  -0.82520028
  1.21467043   0.78940240  -0.86718329
  1.57353155   0.80772637  -0.82592685
  1.92647526   0.82545704  -0.77311775
  2.27360385   0.84159366  -0.70701238
  2.61543812   0.85068402  -0.62575995
  3.30646255   0.75005842  -0.41967504
  2.95282226   0.84453760  -0.52610362
 -2.60174998   1.02529458  -0.56049693
 -2.28828867   1.01562535  -0.64411546
 -1.75852369   1.21715095  -0.66059279
 -2.09154886   1.27679278  -0.56486246
 -1.37276787   1.24886899  -0.70165871
 -1.03225873   1.29277010  -0.71805701
 -0.66612778   1.34353102  -0.72181512
 -0.30111556   1.38104469  -0.71939574
  0.07356528   1.42212860  -0.70289767
  0.44114894   1.37617645  -0.71721160
  0.67260143   1.62730963  -0.55652916
  0.82211439   1.35887280  -0.70437693
  1.38305008   1.10776531  -0.75741473
  1.74119123   1.12712195  -0.70209149
  2.44349323   1.15132656  -0.54358043
  2.09522060   1.14284644  -0.63176472
  2.78579720   1.14089767  -0.43544158
 -1.88345959   1.53136012  -0.43826546
 -1.58213345   1.48127061  -0.54318861
 -1.26047861   1.55697433  -0.54285395
 -0.90944420   1.58963508  -0.56267653
 -0.23240211   1.66749342  -0.54910743
 -0.56561083   1.63831313  -0.55589501
  0.06791422   1.71856179  -0.51126059
  0.36862189   1.67379856  -0.53956922
  0.97968603   1.65334636  -0.50662112
  0.66391756   1.86930787  -0.31453685
  1.18086008   1.38971232  -0.65577957
  1.54145986   1.40856957  -0.59624301
  1.90058914   1.42050816  -0.51943518
 -0.43344667   1.88528480  -0.31583046
 -0.08468864   1.91981520  -0.27965654
  0.29462531   1.91212008  -0.28391006
 -0.94017230  -1.75088907  -0.42238652
 -1.27261393  -1.84206386  -0.22484858
 -0.94231183  -1.92358535  -0.13973260
 -0.57575302  -1.85508408  -0.34497471
 -0.64864393  -1.97262766  -0.03092123
 -0.19520583  -1.88020630  -0.33747540
 -0.32813016  -1.99152328  -0.04218593
  0.17129304  -1.89296151  -0.32001051
  0.01054388  -1.99969919  -0.01864394
  0.52356596  -1.88194210  -0.31225964
  0.35559338  -1.99213277  -0.00258585
  0.85506186  -1.87370724  -0.27693382
  0.69939591  -1.96908327   0.01355906
  1.07793119  -1.92578696  -0.01698218
 -2.33150830  -1.48466519  -0.33059847
 -2.66925078  -1.43835886  -0.19387963
 -2.43498329  -1.58630680   0.02065332
 -1.92918093  -1.56300824  -0.39586601
 -2.13735604  -1.66493589  -0.14690690
 -1.83818753  -1.77175287  -0.06408239
  1.39835945  -1.85548581  -0.13096590
  1.69182484  -1.73039108  -0.26945218
  1.89610353  -1.76089066  -0.01438488
  2.00738406  -1.61182814  -0.31419534
  2.31451270  -1.57481269  -0.21271794
  2.17906027  -1.66897438   0.08320534
  2.60923545  -1.49110958  -0.13687910
 -3.17735024  -1.09049176  -0.26807569
 -3.27600554  -1.13754607   0.07645519
 -2.99023026  -1.32452847  -0.05158810
 -2.85283270  -1.19261549  -0.36855840
 -2.71556946  -1.42838441   0.17071915
  2.83704838  -1.25669131  -0.31974549
  2.84714328  -1.40316461   0.03535608
  3.06571393  -0.98201560  -0.41419556
  3.10985299  -1.23808297  -0.11153202
  3.34575166  -1.04979133  -0.15819318
 -3.50970100  -0.62041802  -0.36603911
 -3.71819502  -0.73087555  -0.05018140
 -3.46317710  -0.93189527  -0.18286122
  3.40402946  -0.81621385  -0.33070173
  3.63225219  -0.83566563  -0.03056873
  3.61373717  -0.58068323  -0.31562866
  3.85936399  -0.50810614  -0.06844206
 -3.81862503  -0.13139550  -0.29068290
 -3.91546507  -0.40788699   0.01799614
 -3.76358224  -0.45002834  -0.25360151
 -3.51710006  -0.25805616  -0.45856827
  3.75906445  -0.26126700  -0.31609870
  3.98295526  -0.18342980  -0.01265889
 -3.88613228   0.21360028  -0.21211349
 -3.99628614  -0.07648688  -0.02190636
 -3.59957074   0.10751408  -0.43285858
  3.86667476   0.05996413  -0.25476794
  3.98320512   0.17978945   0.01971955
 -3.87655745   0.49093972  -0.02459377
 -3.65322928   0.46137570  -0.33580654
 -3.68623882   0.70855671   0.15955191
  3.67189070   0.30503427  -0.36630284
  3.86116375   0.45658581  -0.12784656
 -3.39845798   0.72245281  -0.38438889
 -3.64359090   0.76988065  -0.14937643
 -3.11978300   0.96789527  -0.39694535
  3.13718417   1.06350402  -0.31975024
  3.46161733   0.95103295  -0.15850425
  3.58447192   0.62717516  -0.31425830
 -3.37614492   1.02817918  -0.15312432
 -3.09817427   1.22582812  -0.15669594
 -2.81350131   1.22957267  -0.35688297
 -2.86068215   1.39797663   0.00454673
 -2.44383057   1.30881310  -0.44558509
  2.25199514   1.42415156  -0.41956782
  2.58800612   1.40734889  -0.29380992
  2.92138675   1.32866634  -0.15929910
  3.22534870   1.18292809  -0.01038301
 -2.57504659   1.48691508  -0.18151014
 -2.27154898   1.64629624  -0.00357954
 -1.91318657   1.72630562  -0.16215747
 -2.21508710   1.54138477  -0.31536578
 -1.55654153   1.73105832  -0.31545419
 -1.15262067   1.78780163  -0.34350103
 -0.79212794   1.84470732  -0.33183501
  1.04386949   1.85725974  -0.26388505
  1.32671375   1.66117476  -0.44739969
  1.68746505   1.66085526  -0.36398873
  2.04007632   1.64732965  -0.24807089
  1.79785253   1.78484144  -0.04050843
  2.35849364   1.60474479  -0.09283996
  2.65917472   1.48943546   0.05938925
 -1.62981151   1.82374860   0.05034899
 -1.33998850   1.87695885  -0.08433106
 -0.99563026   1.93552308  -0.03934515
 -0.63899672   1.97388287  -0.02210817
 -0.28543945   1.99483745   0.01136100
  0.08557895   1.99931118   0.01724152
  0.45512403   1.98706779   0.00253658
  0.80830020   1.95878871   0.00375992
  1.17177925   1.91063690   0.04047609
  1.43360613   1.83525454  -0.17203686
 -1.18849864  -1.88987220   0.13740870
 -0.86127200  -1.89355672   0.23943275
 -0.50197430  -1.89978900   0.28640782
 -0.16019461  -1.91033614   0.29344790
  0.18612910  -1.89925530   0.31000328
  0.36172685  -1.65549985   0.55379111
  0.53139886  -1.87793942   0.31742320
  0.89400565  -1.86544404   0.28312425
 -2.36880251  -1.46290731   0.33818220
 -2.10337545  -1.65739925   0.19197880
 -1.76379190  -1.70163078   0.28593437
 -1.52014288  -1.84829356   0.03987213
 -1.07554197  -1.70196718   0.45119654
 -0.71009259  -1.69136284   0.50334177
  0.71858219  -1.65083873   0.53520828
  1.08129246  -1.66447365   0.48410635
  1.27757334  -1.82874580   0.24896659
  1.60128219  -1.81112678   0.14055670
  1.86224496  -1.64744765   0.32376355
  2.16355148  -1.47978093   0.40008082
  2.46984622  -1.52971602   0.18386006
 -3.19129464  -0.94237249   0.37622545
 -2.96973651  -1.20764116   0.29035002
 -2.61388618  -1.22371472   0.44571736
  2.43703963  -1.25558344   0.48447985
  2.71163300  -1.33080003   0.31271906
  3.06220035  -1.19609970   0.23750193
  3.36466898  -1.03833599   0.15191909
 -3.70353414  -0.55907353   0.25454952
 -3.50913137  -0.88725701   0.18368436
  3.13348608  -0.90802019   0.42459142
  3.72030128  -0.61293948   0.20315849
  3.45075400  -0.76867336   0.32887203
 -3.83410036  -0.18591855   0.26986249
 -3.54541049  -0.29852624   0.43836370
  3.50911366  -0.41917636   0.43188682
  3.81524862  -0.28959645   0.26358541
 -3.93130452   0.18352013   0.16092917
 -3.65771756   0.07344671   0.40317367
  3.84552227   0.05628628   0.27416374
 -3.71038466   0.40201679   0.31513425
  3.70981295   0.74792741   0.00898408
  3.81106912   0.44554429   0.20708532
  3.54642765   0.65687566   0.32586729
 -3.45858608   0.96664592   0.13767768
 -3.44447527   0.64780310   0.39198171
 -3.23773635   0.90097489   0.37678884
  3.44647829   0.93904661   0.19315435
 -3.14724503   1.18472294   0.17364459
 -2.81125909   1.25978863   0.33071063
  2.93041642   1.30581453   0.19268819
  2.87523324   1.03837299   0.46240343
  2.62777104   1.29394147   0.38720114
  3.16325594   1.06382200   0.30301377
 -2.55619754   1.49555194   0.18041232
 -2.22746137   1.51966686   0.33561430
 -1.95902858   1.70737025   0.17735765
 -1.88281232   1.50496813   0.46072329
 -1.61453231   1.69165072   0.34889544
  1.80061987   1.65644838   0.33387452
  2.09357298   1.68260634   0.13543956
  2.36753667   1.51109905   0.28089093
 -1.24949101   1.84053190   0.23584680
 -0.85820647   1.87810485   0.26875685
 -0.49319188   1.89070381   0.30195653
 -0.12633529   1.89737672   0.31473800
  0.23607716   1.89592441   0.31296931
  0.58798276   1.88025597   0.30760784
  0.93488983   1.83596302   0.32054533
  1.26514953   1.77636316   0.33344141
  1.53841909   1.81613993   0.16604595
 -0.34672014  -1.68337362   0.53299938
  0.00690956  -1.67839915   0.54385151
 -1.99997459  -1.46334711   0.46337399
 -1.64497046  -1.46714564   0.54109776
 -1.41991445  -1.71503812   0.37244270
 -0.91995105  -1.43928767   0.65516597
 -0.55229675  -1.41954447   0.69078179
 -0.18607802  -1.40518033   0.71008570
  0.17567184  -1.38876870   0.71827507
  0.54017235  -1.36503879   0.71829388
  0.88418954  -1.38000328   0.68924166
  1.23043408  -1.43493324   0.62501763
  1.49211476  -1.61647609   0.45567786
  1.77442781  -1.41400019   0.55081722
 -2.83575691  -0.95740649   0.51796626
 -2.46903833  -0.94556656   0.62888046
 -2.24443933  -1.22238818   0.55824344
 -1.86535469  -1.18781883   0.65560771
 -1.50564254  -1.17356206   0.71695211
 -1.29019718  -1.45247753   0.60709724
 -1.12694663  -1.16622679   0.76198342
 -0.76002162  -1.13855640   0.79989577
 -0.38959780  -1.11928064   0.82299946
 -0.01722213  -1.10178014   0.83457368
  0.36077338  -1.08370549   0.83562690
  0.75024539  -1.05391733   0.82894187
  1.11646241  -1.12583320   0.77796869
  1.47789272  -1.26415728   0.68116218
  1.74075430  -1.06324088   0.72664034
  2.04338283  -1.22567336   0.60290442
  2.26590304  -1.00948775   0.65143238
  2.80599153  -1.06179749   0.47550264
 -3.39225274  -0.64391657   0.42095366
 -3.03755700  -0.66668955   0.55878544
 -2.67981835  -0.65914036   0.66525484
 -2.33629239  -0.62126086   0.74991994
 -2.10668769  -0.93870583   0.70876249
 -1.71709751  -0.87409631   0.79039449
  1.97656509  -0.84838240   0.75888095
  2.28010432  -0.67035133   0.75016289
  2.56816756  -0.89694352   0.62183411
  2.88699495  -0.70974031   0.59428432
  3.20397905  -0.56556475   0.52771171
 -3.21624567  -0.36709032   0.56553458
 -3.03018599  -0.08039758   0.65155964
 -2.84942992  -0.36208023   0.67807770
 -2.51068691  -0.31437248   0.76245158
  2.60277119  -0.54436546   0.70889579
  2.62545801  -0.20576179   0.74740647
  2.92744239  -0.34335794   0.65948751
  3.23308912  -0.20664618   0.57969704
  3.56022097  -0.07951288   0.45417998
 -3.35285833  -0.01620801   0.54531247
 -3.06965604   0.24202370   0.62964473
 -2.71909839   0.00944931   0.73341349
  2.94513909   0.04095168   0.67637115
  2.61608409   0.10981554   0.75449149
  3.27969539   0.13234525   0.56866354
  3.59881343   0.27270278   0.41475035
 -3.39015439   0.33242831   0.50407719
 -3.10939218   0.60143556   0.55256564
 -2.78177775   0.70721016   0.62557715
 -2.79347824   0.38957300   0.68873374
 -2.44915998   0.63975864   0.72304252
  3.03437633   0.41125641   0.61828066
  2.71988633   0.40102056   0.70530210
  3.33597118   0.47339009   0.49847956
 -2.95351324   0.97676197   0.46510762
 -2.61479729   0.99506829   0.57023092
 -2.29772607   0.95173316   0.66603029
 -2.07412268   0.64629400   0.79165317
 -1.95455976   0.93729194   0.73594745
  2.55272813   0.98230464   0.59289263
  2.47283164   0.65997293   0.71340362
  2.20619712   0.89555636   0.70377895
  2.83786627   0.72588132   0.60411779
  3.18045668   0.76907352   0.46900450
 -2.47084190   1.27465391   0.46075786
 -2.14223168   1.24849298   0.56879354
 -1.80815535   1.22400628   0.64895414
 -1.59386515   0.98601653   0.77342043
 -1.53947788   1.38798951   0.60849671
 -1.33717771   1.12448630   0.75640245
 -1.15574227   1.38384768   0.66165364
  1.34790981   1.29576135   0.68316458
  1.31048040   0.89602595   0.83184060
  1.08652569   1.11121174   0.78583326
  1.71942842   1.36203254   0.59284628
  1.60469437   1.04547974   0.75220705
  2.05100929   1.45445293   0.45636771
  1.96331629   1.13392425   0.66155890
  2.30225941   1.22818910   0.54004271
 -1.32935609   1.62311054   0.48060511
 -0.99474858   1.66778614   0.49276383
 -0.82927847   1.37547274   0.69574003
 -0.65658712   1.66342349   0.53042006
 -0.48621538   1.38272901   0.71221974
 -0.30711847   1.67037864   0.54460718
 -0.13850378   1.38859383   0.71886701
  0.04637987   1.67163803   0.54891315
  0.21146596   1.38746474   0.71830227
  0.39943053   1.66436354   0.54547068
  0.56280309   1.38041527   0.70981459
  0.75553513   1.64180526   0.53896677
  0.92416062   1.36612036   0.69287414
  1.12701682   1.56786205   0.55326765
  1.49271278   1.57810492   0.48803564
 -1.32897244  -0.88542814   0.83284484
 -0.96872201  -0.84487706   0.87344355
 -0.60323736  -0.82303101   0.89884383
 -0.23704785  -0.80496850   0.91351122
  0.12796850  -0.78824451   0.91850538
  0.48466128  -0.76859572   0.91522753
  0.80972880  -0.71144440   0.91240948
  1.09815498  -0.79851327   0.87477501
  1.41753339  -0.91767709   0.81479446
 -2.00045154  -0.64527105   0.80362078
 -1.75340091  -0.47175294   0.86730630
 -1.48015623  -0.59470667   0.88014812
 -1.15481907  -0.53585144   0.91916946
 -0.80335686  -0.51478346   0.94520901
 -0.44209673  -0.49789645   0.96219333
 -0.07424582  -0.48242171   0.97029872
  0.29563680  -0.46137555   0.97022025
  0.65879693  -0.41463145   0.96431410
  1.34738905  -0.52756034   0.90385828
  1.66339560  -0.68599811   0.84227721
  1.95331709  -0.49184665   0.83729750
 -2.34220841  -0.01601290   0.81060222
 -2.12494935  -0.30614861   0.83328533
 -1.76688628  -0.17414422   0.89292221
 -1.40510401  -0.23604643   0.92880669
 -1.03095452  -0.20412027   0.96081278
 -0.65970819  -0.18726294   0.98185463
 -0.28501297  -0.17595566   0.99357394
  0.09187013  -0.16096073   0.99649475
  0.47265032  -0.13168365   0.99081242
  0.87702774  -0.11422576   0.97399757
  1.03838376  -0.41248549   0.94344084
  1.61643600  -0.31058767   0.90143629
  1.95275369  -0.15175831   0.86943893
  2.28636038  -0.33810731   0.80294366
 -2.50263034   0.29346888   0.76618185
 -1.99351138   0.05608299   0.86651163
 -1.58840209   0.10747865   0.91620472
 -1.23440967   0.10302093   0.94979855
 -0.86820504   0.12495685   0.97416188
 -0.49359701   0.13240079   0.99014968
 -0.11820248   0.14248614   0.99702432
  0.26031624   0.15617275   0.99482355
  0.65343214   0.16637787   0.98305669
  1.05095576   0.18407519   0.96047036
  1.28579896  -0.11982679   0.94503138
  1.64835723   0.04291154   0.91089482
  2.00151677   0.20049568   0.85998872
  2.28874538  -0.00866767   0.82011952
 -2.18718462   0.34261002   0.81956034
 -1.81854926   0.37117725   0.87113185
 -1.43202799   0.43086365   0.90853049
 -1.07474343   0.44008659   0.93776073
 -0.69758255   0.44196900   0.95956184
 -0.32364798   0.45069370   0.97091650
  0.05019045   0.45814391   0.97333222
  0.42934190   0.45981164   0.96727951
  0.81235421   0.47007825   0.95053622
  1.40137699   0.26587857   0.92714168
  1.74931521   0.41538569   0.87499433
  2.09295981   0.56493005   0.80401788
  2.34563599   0.34204561   0.79176315
 -1.68027657   0.68055457   0.84128732
 -1.28173687   0.76320569   0.86701164
 -0.89479842   0.74698150   0.90026214
 -0.52038322   0.75898916   0.91600611
 -0.15105596   0.76704730   0.92276309
  0.21664429   0.76826333   0.92169291
  0.58282545   0.76668081   0.91204646
  0.94715272   0.79513370   0.88650023
  1.17941471   0.53752115   0.91697150
  1.52177925   0.64832351   0.86613417
  1.84289302   0.79684206   0.79309878
 -1.01926248   1.05425542   0.81068908
 -0.67624720   1.06810169   0.82838305
 -0.32512531   1.07770911   0.83847468
  0.02792160   1.08185474   0.84104675
  0.37971739   1.07938281   0.83650040
  0.72841816   1.07941293   0.82192963
